[Project]
Version=3
Description=hikikomori_game
Api=fb (FreeBASIC)
Grouping=1
AddMainFiles=1
AddModuleFiles=1
ResExport=
CompileIfNewer=0
IncVersion=1
RunCmd=0
[Make]
Module=Module Build,fbc -c
Recompile=0
Current=2
1=Windows Console (debug),fbc -g -s console
2=Windows Console,fbc -s console
3=,
Output=
Run=
Delete=
[TabOrder]
TabOrder=1
[File]
1=hikikomori.bas
2=chat1.txt
Main=1
3=dream.txt
4=dream_ta.txt
5=dream2.txt
6=dream3.txt
7=eddie.txt
8=email1.txt
9=ending_titles.txt
10=guitar.txt
11=guitar1.txt
12=guitar2.txt
13=guitar3.txt
14=johnny.txt
15=ken.txt
16=mike.txt
17=music.txt
18=music2.txt
19=news.txt
20=nightmare1.txt
21=startpoint.txt
22=walk1.txt
23=warning.txt
24=yuka_guide.txt
25=poemDB.txt
26=
[BreakPoint]
24=
23=
22=
21=
20=
19=
18=
17=
16=
15=
14=
13=
12=
11=
10=
9=
8=
7=
6=
5=
4=
3=
2=
1=561
25=
[FileInfo]
24=0,0,0,0,0,0,0,0,0,0,0,0,0,0,0,0,0,0,0
23=0,0,0,0,0,0,0,0,0,0,0,0,0,0,0,0,0,0,0
22=0,0,0,0,0,0,0,0,0,0,0,0,0,0,0,0,0,0,0
21=0,0,0,0,0,0,0,0,0,0,0,0,0,0,0,0,0,0,0
20=0,0,0,0,0,0,0,0,0,0,0,0,0,0,0,0,0,0,0
19=0,0,0,0,0,0,0,0,0,0,0,0,0,0,0,0,0,0,0
18=0,0,0,0,0,0,0,0,0,0,0,0,0,0,0,0,0,0,0
17=0,0,0,0,0,0,0,0,0,0,0,0,0,0,0,0,0,0,0
16=0,0,0,0,0,0,0,0,0,0,0,0,0,0,0,0,0,0,0
15=0,0,0,0,0,0,0,0,0,0,0,0,0,0,0,0,0,0,0
14=0,0,0,0,0,0,0,0,0,0,0,0,0,0,0,0,0,0,0
13=0,0,0,0,0,0,0,0,0,0,0,0,0,0,0,0,0,0,0
12=0,0,0,0,0,0,0,0,0,0,0,0,0,0,0,0,0,0,0
11=0,0,0,0,0,0,0,0,0,0,0,0,0,0,0,0,0,0,0
10=0,0,0,0,0,0,0,0,0,0,0,0,0,0,0,0,0,0,0
9=0,0,0,0,0,0,0,0,0,0,0,0,0,0,0,0,0,0,0
8=0,0,0,0,0,0,0,0,0,0,0,0,0,0,0,0,0,0,0
7=0,0,0,0,0,0,0,0,0,0,0,0,0,0,0,0,0,0,0
6=0,0,0,0,0,0,0,0,0,0,0,0,0,0,0,0,0,0,0
5=0,0,0,0,0,0,0,0,0,0,0,0,0,0,0,0,0,0,0
4=0,0,0,0,0,0,0,0,0,0,0,0,0,0,0,0,0,0,0
3=0,0,0,0,0,0,0,0,0,0,0,0,0,0,0,0,0,0,0
2=0,0,0,0,0,0,0,0,0,0,0,0,0,0,0,0,0,0,0
1=0,560,1,0,0,0,0,0,0,0,0,0,0,0,0,0,0,0,0
25=0,0,0,0,0,0,0,0,0,0,0,0,0,0,0,0,0,0,0
